{
 "cells": [
  {
   "cell_type": "code",
   "execution_count": 1,
   "metadata": {},
   "outputs": [],
   "source": [
    "import matplotlib.pyplot as plt\n",
    "import numpy as np\n",
    "\n",
    "import tensorflow as tf\n",
    "tf_dtype = tf.dtypes.float32\n",
    "import os\n",
    "import sklearn\n",
    "from sklearn.metrics import classification_report, f1_score\n",
    "from sklearn.model_selection import train_test_split\n",
    "import pickle\n",
    "\n",
    "\n",
    "from lioness import Lioness\n",
    "from panda import Panda\n",
    "import pandas as pd\n"
   ]
  },
  {
   "cell_type": "code",
   "execution_count": 2,
   "metadata": {},
   "outputs": [],
   "source": [
    "import dataloader\n",
    "import utils\n",
    "#utils.set_random_seed(1)\n",
    "\n",
    "from NOTEARS import NOTEARS\n",
    "from ContextualNOTEARS import ContextualNOTEARS\n",
    "from LowRankContextualNOTEARS import LRContextualNOTEARS\n"
   ]
  },
  {
   "cell_type": "code",
   "execution_count": 3,
   "metadata": {},
   "outputs": [],
   "source": [
    "def gen_data(data_params):\n",
    "    if data_params[\"use_archetypes\"]:\n",
    "        W_dict, C_dict = dataloader.gen_archetypes(data_params[\"d\"], data_params[\"n_edges\"],\n",
    "                                                         data_params[\"n_c\"], data_params[\"k_true\"],\n",
    "                                                         graph_type=data_params[\"graph_type\"],\n",
    "                                                         ensure_convex=data_params[\"ensure_convex\"])\n",
    "        sample_loadings, W, C, X = dataloader.gen_samples(\n",
    "            W_dict, C_dict, n=data_params[\"n\"], n_i=data_params[\"n_i\"], n_mix=data_params[\"n_mix\"],\n",
    "            sem_type=data_params[\"sem_type\"])\n",
    "        for i in range(data_params[\"n_c\"]):\n",
    "            C[:, i] += np.random.normal(0.,\n",
    "                                        ((1-data_params[\"context_snr\"])/data_params[\"context_snr\"])*np.var(C[:, i]),\n",
    "                                        size=C[:, i].shape)\n",
    "    else:\n",
    "        W, C, X = dataloader.gen_samples_no_archs(data_params[\"n\"], data_params[\"d\"],\n",
    "                                                                  data_params[\"n_edges\"], data_params[\"n_i\"],\n",
    "                                                                  data_params[\"n_c\"], \n",
    "                                                                  c_signal_noise=data_params[\"context_snr\"],\n",
    "                                                                  graph_type=data_params[\"graph_type\"],\n",
    "                                                                  sem_type=data_params[\"sem_type\"])\n",
    "        W_dict, C_dict = None, None\n",
    "    return W, C, X, W_dict, C_dict\n",
    "\n",
    "def get_f1s(W_test, W_test_hat, threshs):\n",
    "    return [\n",
    "        np.mean([utils.f1_mat(W_test[i], W_test_hat[i], thresh, thresh) for i in range(len(W_test))])\n",
    "            for thresh in threshs\n",
    "    ]"
   ]
  },
  {
   "cell_type": "code",
   "execution_count": 4,
   "metadata": {},
   "outputs": [],
   "source": [
    "threshs = [0.0, 0.001, 0.01, 0.02, 0.03, 0.05, 0.1, 0.2, 0.3, 0.4, 0.5]\n",
    "\n",
    "def correlation_from_covariance(covariance):\n",
    "    v = np.sqrt(np.diag(covariance))\n",
    "    outer_v = np.outer(v, v)\n",
    "    correlation = covariance / outer_v\n",
    "    correlation[covariance == 0] = 0\n",
    "    return correlation\n",
    "\n",
    "\n",
    "\n",
    "# the below is redundant but kept for reference.  \n",
    "\n",
    "data_params = {\n",
    "    \"n\": 100,    # number of DAGs\n",
    "    \"n_i\": 1,     # number of samples per DAG\n",
    "    \"d\" : 16,       # number of vertices in each DAG\n",
    "    \"n_edges\": 4,     # expected number of edges in each DAG\n",
    "    \"n_c\": 8,    # number of contextual features\n",
    "    \"use_archetypes\": True,\n",
    "    \"ensure_convex\" : False, # should the archetype be generated such that they form a convex set of DAGs?\n",
    "    \"k_true\" : 2,       # number of true archetypes\n",
    "    \"graph_type\": \"ER\",\n",
    "    'sem_type' : 'gauss',\n",
    "    'context_snr' : 1.0, # signal-to-noise ratio of the contextual data\n",
    "    \"n_mix\": 2\n",
    "}"
   ]
  },
  {
   "cell_type": "code",
   "execution_count": 5,
   "metadata": {
    "scrolled": true
   },
   "outputs": [
    {
     "name": "stdout",
     "output_type": "stream",
     "text": [
      "this should all be the same as before\n",
      "[0, 1, 2, 3, 4, 5, 6, 7, 8, 9, 10, 11, 12, 13, 14, 15, 16, 17, 18, 19, 20, 21, 22, 23, 24]\n",
      "Loading expression data ...\n",
      "  Elapsed time: 0.15 sec.\n",
      "Loading PPI data ...\n",
      "Number of PPIs: 238\n",
      "  Elapsed time: 0.16 sec.\n",
      "Calculating coexpression network ...\n",
      "  Elapsed time: 0.05 sec.\n",
      "Returning the correlation matrix of expression data in <Panda_obj>.correlation_matrix\n",
      "Loading input data ...\n",
      "  Elapsed time: 0.00 sec.\n",
      "(1000, 50)\n",
      "(100, 16)\n",
      "let's get this straight\n",
      "[[ 1.00000000e+00  4.01338605e-02  4.97832033e-01  5.04314703e-02\n",
      "  -2.28601882e-01  3.65281077e-02  3.42723079e-02  3.09459862e-02\n",
      "  -1.59635102e-01 -1.09800849e-01  1.63866377e-02 -2.54013540e-03\n",
      "  -1.00838723e-02 -5.52887041e-02  7.00147269e-01  1.72933594e-01]\n",
      " [ 4.01338605e-02  1.00000000e+00  5.11784853e-02  2.60316596e-02\n",
      "   1.15005690e-01 -3.01491394e-02  4.91558896e-02 -1.98787836e-03\n",
      "  -2.21534591e-01  1.43925217e-03  2.04708662e-02  5.71654378e-03\n",
      "   6.55544474e-03 -4.63618313e-02  4.67355284e-02  1.89290500e-01]\n",
      " [ 4.97832033e-01  5.11784853e-02  1.00000000e+00  5.40629453e-02\n",
      "  -7.93506077e-02  6.66549643e-02  1.58455409e-01  4.41139362e-01\n",
      "  -1.55700570e-01  1.23994725e-03  1.68233668e-01 -4.75864506e-03\n",
      "  -1.12071163e-01 -9.29674377e-02  4.09347085e-01  1.76028387e-01]\n",
      " [ 5.04314703e-02  2.60316596e-02  5.40629453e-02  1.00000000e+00\n",
      "  -1.09225055e-01 -1.61888434e-01  2.54397565e-02  1.85594822e-02\n",
      "   5.81939785e-02  1.42737780e-01 -1.51894397e-02 -5.48903359e-02\n",
      "  -2.19475084e-02 -3.00955414e-02  7.25766177e-02 -3.65409171e-02]\n",
      " [-2.28601882e-01  1.15005690e-01 -7.93506077e-02 -1.09225055e-01\n",
      "   1.00000000e+00 -1.25343156e-02 -6.25338849e-02  1.08301490e-01\n",
      "  -2.09624954e-01 -1.28338576e-02  3.64606888e-02  3.26891196e-02\n",
      "  -4.91237880e-02 -9.30913486e-02 -1.26728036e-01  1.68868098e-01]\n",
      " [ 3.65281077e-02 -3.01491394e-02  6.66549643e-02 -1.61888434e-01\n",
      "  -1.25343156e-02  1.00000000e+00 -1.50091291e-02  3.29314754e-02\n",
      "   2.38249571e-02 -2.66840046e-02 -1.25661380e-01  4.75272366e-02\n",
      "   4.78075464e-01  2.03280132e-01  4.40847297e-03  1.76832932e-02]\n",
      " [ 3.42723079e-02  4.91558896e-02  1.58455409e-01  2.54397565e-02\n",
      "  -6.25338849e-02 -1.50091291e-02  1.00000000e+00  1.54496486e-02\n",
      "  -6.84897180e-02 -7.83309809e-03  2.09802502e-01 -6.20937523e-02\n",
      "  -2.25418810e-02 -1.82345421e-01  1.09735298e-01  1.78484857e-01]\n",
      " [ 3.09459862e-02 -1.98787836e-03  4.41139362e-01  1.85594822e-02\n",
      "   1.08301490e-01  3.29314754e-02  1.54496486e-02  1.00000000e+00\n",
      "  -6.23776061e-02  6.45306769e-02 -9.24522868e-02 -8.50789233e-03\n",
      "  -1.04333998e-01  3.50527008e-02  1.08643355e-01  8.78559155e-02]\n",
      " [-1.59635102e-01 -2.21534591e-01 -1.55700570e-01  5.81939785e-02\n",
      "  -2.09624954e-01  2.38249571e-02 -6.84897180e-02 -6.23776061e-02\n",
      "   1.00000000e+00 -1.44451030e-01 -5.52950260e-02 -8.10421274e-02\n",
      "   3.89038455e-02  1.73872427e-01 -8.77321090e-02 -4.81158371e-01]\n",
      " [-1.09800849e-01  1.43925217e-03  1.23994725e-03  1.42737780e-01\n",
      "  -1.28338576e-02 -2.66840046e-02 -7.83309809e-03  6.45306769e-02\n",
      "  -1.44451030e-01  1.00000000e+00 -2.25300876e-02 -2.53039681e-01\n",
      "  -1.36125132e-02 -1.04765199e-01  6.01148536e-02 -1.51572862e-02]\n",
      " [ 1.63866377e-02  2.04708662e-02  1.68233668e-01 -1.51894397e-02\n",
      "   3.64606888e-02 -1.25661380e-01  2.09802502e-01 -9.24522868e-02\n",
      "  -5.52950260e-02 -2.25300876e-02  1.00000000e+00  9.27367505e-02\n",
      "  -1.98291751e-01 -5.34866938e-01 -5.38157151e-02  1.06344316e-02]\n",
      " [-2.54013540e-03  5.71654378e-03 -4.75864506e-03 -5.48903359e-02\n",
      "   3.26891196e-02  4.75272366e-02 -6.20937523e-02 -8.50789233e-03\n",
      "  -8.10421274e-02 -2.53039681e-01  9.27367505e-02  1.00000000e+00\n",
      "   4.11013935e-02  2.31523867e-03 -8.54806083e-02  1.71066692e-01]\n",
      " [-1.00838723e-02  6.55544474e-03 -1.12071163e-01 -2.19475084e-02\n",
      "  -4.91237880e-02  4.78075464e-01 -2.25418810e-02 -1.04333998e-01\n",
      "   3.89038455e-02 -1.36125132e-02 -1.98291751e-01  4.11013935e-02\n",
      "   1.00000000e+00  3.78910301e-01  9.70252342e-04 -2.62695935e-02]\n",
      " [-5.52887041e-02 -4.63618313e-02 -9.29674377e-02 -3.00955414e-02\n",
      "  -9.30913486e-02  2.03280132e-01 -1.82345421e-01  3.50527008e-02\n",
      "   1.73872427e-01 -1.04765199e-01 -5.34866938e-01  2.31523867e-03\n",
      "   3.78910301e-01  1.00000000e+00 -2.85313185e-03 -4.09108447e-02]\n",
      " [ 7.00147269e-01  4.67355284e-02  4.09347085e-01  7.25766177e-02\n",
      "  -1.26728036e-01  4.40847297e-03  1.09735298e-01  1.08643355e-01\n",
      "  -8.77321090e-02  6.01148536e-02 -5.38157151e-02 -8.54806083e-02\n",
      "   9.70252342e-04 -2.85313185e-03  1.00000000e+00  1.76676475e-01]\n",
      " [ 1.72933594e-01  1.89290500e-01  1.76028387e-01 -3.65409171e-02\n",
      "   1.68868098e-01  1.76832932e-02  1.78484857e-01  8.78559155e-02\n",
      "  -4.81158371e-01 -1.51572862e-02  1.06344316e-02  1.71066692e-01\n",
      "  -2.62695935e-02 -4.09108447e-02  1.76676475e-01  1.00000000e+00]]\n",
      "(16, 16)\n",
      "did that work?\n",
      "correlation stuff above\n",
      "100\n",
      "range(0, 100)\n",
      "[0, 1, 2, 3, 4, 5, 6, 7, 8, 9, 10, 11, 12, 13, 14, 15, 16, 17, 18, 19, 20, 21, 22, 23, 24]\n",
      "Running LIONESS for sample 1:\n",
      "Computing coexpression network:\n",
      "howdy one\n",
      "(16, 100)\n",
      "are these indices okay?\n",
      "(16, 99)\n",
      "(16, 16)\n",
      "  Elapsed time: 0.00 sec.\n",
      "Normalizing networks:\n",
      "  Elapsed time: 0.00 sec.\n",
      "Inferring LIONESS network:\n",
      "here?\n",
      "  Elapsed time: 0.00 sec.\n",
      "did we get here boo boo 2?\n",
      "Saving LIONESS network 1 to lioness_output using npy format:\n",
      "  Elapsed time: 0.13 sec.\n",
      "BOOOOOOOOM\n",
      "Running LIONESS for sample 2:\n",
      "Computing coexpression network:\n",
      "howdy one\n",
      "(16, 100)\n",
      "are these indices okay?\n",
      "(16, 99)\n",
      "(16, 16)\n",
      "  Elapsed time: 0.01 sec.\n",
      "Normalizing networks:\n",
      "  Elapsed time: 0.00 sec.\n",
      "Inferring LIONESS network:\n",
      "here?\n",
      "  Elapsed time: 0.00 sec.\n",
      "did we get here boo boo 2?\n",
      "Saving LIONESS network 2 to lioness_output using npy format:\n",
      "  Elapsed time: 0.13 sec.\n",
      "BOOOOOOOOM\n",
      "Running LIONESS for sample 3:\n",
      "Computing coexpression network:\n",
      "howdy one\n",
      "(16, 100)\n",
      "are these indices okay?\n",
      "(16, 99)\n",
      "(16, 16)\n",
      "  Elapsed time: 0.01 sec.\n",
      "Normalizing networks:\n",
      "  Elapsed time: 0.00 sec.\n",
      "Inferring LIONESS network:\n",
      "here?\n",
      "  Elapsed time: 0.00 sec.\n",
      "did we get here boo boo 2?\n",
      "Saving LIONESS network 3 to lioness_output using npy format:\n",
      "  Elapsed time: 0.11 sec.\n",
      "BOOOOOOOOM\n",
      "Running LIONESS for sample 4:\n",
      "Computing coexpression network:\n",
      "howdy one\n",
      "(16, 100)\n",
      "are these indices okay?\n",
      "(16, 99)\n",
      "(16, 16)\n",
      "  Elapsed time: 0.00 sec.\n",
      "Normalizing networks:\n",
      "  Elapsed time: 0.00 sec.\n",
      "Inferring LIONESS network:\n",
      "here?\n",
      "  Elapsed time: 0.00 sec.\n",
      "did we get here boo boo 2?\n",
      "Saving LIONESS network 4 to lioness_output using npy format:\n",
      "  Elapsed time: 0.52 sec.\n",
      "BOOOOOOOOM\n",
      "Running LIONESS for sample 5:\n",
      "Computing coexpression network:\n",
      "howdy one\n",
      "(16, 100)\n",
      "are these indices okay?\n",
      "(16, 99)\n",
      "(16, 16)\n",
      "  Elapsed time: 0.00 sec.\n",
      "Normalizing networks:\n",
      "  Elapsed time: 0.00 sec.\n",
      "Inferring LIONESS network:\n",
      "here?\n",
      "  Elapsed time: 0.00 sec.\n",
      "did we get here boo boo 2?\n",
      "Saving LIONESS network 5 to lioness_output using npy format:\n",
      "  Elapsed time: 0.21 sec.\n",
      "BOOOOOOOOM\n",
      "Running LIONESS for sample 6:\n",
      "Computing coexpression network:\n",
      "howdy one\n",
      "(16, 100)\n",
      "are these indices okay?\n",
      "(16, 99)\n",
      "(16, 16)\n",
      "  Elapsed time: 0.00 sec.\n",
      "Normalizing networks:\n",
      "  Elapsed time: 0.00 sec.\n",
      "Inferring LIONESS network:\n",
      "here?\n",
      "  Elapsed time: 0.00 sec.\n",
      "did we get here boo boo 2?\n",
      "Saving LIONESS network 6 to lioness_output using npy format:\n",
      "  Elapsed time: 0.13 sec.\n",
      "BOOOOOOOOM\n",
      "Running LIONESS for sample 7:\n",
      "Computing coexpression network:\n",
      "howdy one\n",
      "(16, 100)\n",
      "are these indices okay?\n",
      "(16, 99)\n",
      "(16, 16)\n",
      "  Elapsed time: 0.00 sec.\n",
      "Normalizing networks:\n",
      "  Elapsed time: 0.00 sec.\n",
      "Inferring LIONESS network:\n",
      "here?\n",
      "  Elapsed time: 0.00 sec.\n",
      "did we get here boo boo 2?\n",
      "Saving LIONESS network 7 to lioness_output using npy format:\n",
      "  Elapsed time: 0.12 sec.\n",
      "BOOOOOOOOM\n",
      "Running LIONESS for sample 8:\n",
      "Computing coexpression network:\n",
      "howdy one\n",
      "(16, 100)\n",
      "are these indices okay?\n",
      "(16, 99)\n",
      "(16, 16)\n",
      "  Elapsed time: 0.01 sec.\n",
      "Normalizing networks:\n",
      "  Elapsed time: 0.00 sec.\n",
      "Inferring LIONESS network:\n",
      "here?\n",
      "  Elapsed time: 0.00 sec.\n",
      "did we get here boo boo 2?\n",
      "Saving LIONESS network 8 to lioness_output using npy format:\n",
      "  Elapsed time: 0.11 sec.\n",
      "BOOOOOOOOM\n",
      "Running LIONESS for sample 9:\n",
      "Computing coexpression network:\n",
      "howdy one\n",
      "(16, 100)\n",
      "are these indices okay?\n",
      "(16, 99)\n",
      "(16, 16)\n",
      "  Elapsed time: 0.01 sec.\n",
      "Normalizing networks:\n",
      "  Elapsed time: 0.00 sec.\n",
      "Inferring LIONESS network:\n",
      "here?\n",
      "  Elapsed time: 0.00 sec.\n",
      "did we get here boo boo 2?\n",
      "Saving LIONESS network 9 to lioness_output using npy format:\n"
     ]
    },
    {
     "name": "stdout",
     "output_type": "stream",
     "text": [
      "  Elapsed time: 0.12 sec.\n",
      "BOOOOOOOOM\n",
      "Running LIONESS for sample 10:\n",
      "Computing coexpression network:\n",
      "howdy one\n",
      "(16, 100)\n",
      "are these indices okay?\n",
      "(16, 99)\n",
      "(16, 16)\n",
      "  Elapsed time: 0.01 sec.\n",
      "Normalizing networks:\n",
      "  Elapsed time: 0.00 sec.\n",
      "Inferring LIONESS network:\n",
      "here?\n",
      "  Elapsed time: 0.00 sec.\n",
      "did we get here boo boo 2?\n",
      "Saving LIONESS network 10 to lioness_output using npy format:\n",
      "  Elapsed time: 0.13 sec.\n",
      "BOOOOOOOOM\n",
      "Running LIONESS for sample 11:\n",
      "Computing coexpression network:\n",
      "howdy one\n",
      "(16, 100)\n",
      "are these indices okay?\n",
      "(16, 99)\n",
      "(16, 16)\n",
      "  Elapsed time: 0.01 sec.\n",
      "Normalizing networks:\n",
      "  Elapsed time: 0.00 sec.\n",
      "Inferring LIONESS network:\n",
      "here?\n",
      "  Elapsed time: 0.00 sec.\n",
      "did we get here boo boo 2?\n",
      "Saving LIONESS network 11 to lioness_output using npy format:\n",
      "  Elapsed time: 0.18 sec.\n",
      "BOOOOOOOOM\n",
      "Running LIONESS for sample 12:\n",
      "Computing coexpression network:\n",
      "howdy one\n",
      "(16, 100)\n",
      "are these indices okay?\n",
      "(16, 99)\n",
      "(16, 16)\n",
      "  Elapsed time: 0.01 sec.\n",
      "Normalizing networks:\n",
      "  Elapsed time: 0.00 sec.\n",
      "Inferring LIONESS network:\n",
      "here?\n",
      "  Elapsed time: 0.00 sec.\n",
      "did we get here boo boo 2?\n",
      "Saving LIONESS network 12 to lioness_output using npy format:\n",
      "  Elapsed time: 0.12 sec.\n",
      "BOOOOOOOOM\n",
      "Running LIONESS for sample 13:\n",
      "Computing coexpression network:\n",
      "howdy one\n",
      "(16, 100)\n",
      "are these indices okay?\n",
      "(16, 99)\n",
      "(16, 16)\n",
      "  Elapsed time: 0.01 sec.\n",
      "Normalizing networks:\n",
      "  Elapsed time: 0.00 sec.\n",
      "Inferring LIONESS network:\n",
      "here?\n",
      "  Elapsed time: 0.00 sec.\n",
      "did we get here boo boo 2?\n",
      "Saving LIONESS network 13 to lioness_output using npy format:\n",
      "  Elapsed time: 0.12 sec.\n",
      "BOOOOOOOOM\n",
      "Running LIONESS for sample 14:\n",
      "Computing coexpression network:\n",
      "howdy one\n",
      "(16, 100)\n",
      "are these indices okay?\n",
      "(16, 99)\n",
      "(16, 16)\n",
      "  Elapsed time: 0.01 sec.\n",
      "Normalizing networks:\n",
      "  Elapsed time: 0.00 sec.\n",
      "Inferring LIONESS network:\n",
      "here?\n",
      "  Elapsed time: 0.00 sec.\n",
      "did we get here boo boo 2?\n",
      "Saving LIONESS network 14 to lioness_output using npy format:\n",
      "  Elapsed time: 0.11 sec.\n",
      "BOOOOOOOOM\n",
      "Running LIONESS for sample 15:\n",
      "Computing coexpression network:\n",
      "howdy one\n",
      "(16, 100)\n",
      "are these indices okay?\n",
      "(16, 99)\n",
      "(16, 16)\n",
      "  Elapsed time: 0.01 sec.\n",
      "Normalizing networks:\n",
      "  Elapsed time: 0.00 sec.\n",
      "Inferring LIONESS network:\n",
      "here?\n",
      "  Elapsed time: 0.00 sec.\n",
      "did we get here boo boo 2?\n",
      "Saving LIONESS network 15 to lioness_output using npy format:\n",
      "  Elapsed time: 0.10 sec.\n",
      "BOOOOOOOOM\n",
      "Running LIONESS for sample 16:\n",
      "Computing coexpression network:\n",
      "howdy one\n",
      "(16, 100)\n",
      "are these indices okay?\n",
      "(16, 99)\n",
      "(16, 16)\n",
      "  Elapsed time: 0.01 sec.\n",
      "Normalizing networks:\n",
      "  Elapsed time: 0.00 sec.\n",
      "Inferring LIONESS network:\n",
      "here?\n",
      "  Elapsed time: 0.00 sec.\n",
      "did we get here boo boo 2?\n",
      "Saving LIONESS network 16 to lioness_output using npy format:\n",
      "  Elapsed time: 0.13 sec.\n",
      "BOOOOOOOOM\n",
      "Running LIONESS for sample 17:\n",
      "Computing coexpression network:\n",
      "howdy one\n",
      "(16, 100)\n",
      "are these indices okay?\n",
      "(16, 99)\n",
      "(16, 16)\n",
      "  Elapsed time: 0.01 sec.\n",
      "Normalizing networks:\n",
      "  Elapsed time: 0.00 sec.\n",
      "Inferring LIONESS network:\n",
      "here?\n",
      "  Elapsed time: 0.00 sec.\n",
      "did we get here boo boo 2?\n",
      "Saving LIONESS network 17 to lioness_output using npy format:\n",
      "  Elapsed time: 0.12 sec.\n",
      "BOOOOOOOOM\n",
      "Running LIONESS for sample 18:\n",
      "Computing coexpression network:\n",
      "howdy one\n",
      "(16, 100)\n",
      "are these indices okay?\n",
      "(16, 99)\n",
      "(16, 16)\n",
      "  Elapsed time: 0.00 sec.\n",
      "Normalizing networks:\n",
      "  Elapsed time: 0.00 sec.\n",
      "Inferring LIONESS network:\n",
      "here?\n",
      "  Elapsed time: 0.00 sec.\n",
      "did we get here boo boo 2?\n",
      "Saving LIONESS network 18 to lioness_output using npy format:\n",
      "  Elapsed time: 0.12 sec.\n",
      "BOOOOOOOOM\n",
      "Running LIONESS for sample 19:\n",
      "Computing coexpression network:\n",
      "howdy one\n",
      "(16, 100)\n",
      "are these indices okay?\n",
      "(16, 99)\n",
      "(16, 16)\n",
      "  Elapsed time: 0.00 sec.\n",
      "Normalizing networks:\n",
      "  Elapsed time: 0.00 sec.\n",
      "Inferring LIONESS network:\n",
      "here?\n",
      "  Elapsed time: 0.00 sec.\n",
      "did we get here boo boo 2?\n",
      "Saving LIONESS network 19 to lioness_output using npy format:\n",
      "  Elapsed time: 0.10 sec.\n",
      "BOOOOOOOOM\n",
      "Running LIONESS for sample 20:\n",
      "Computing coexpression network:\n",
      "howdy one\n",
      "(16, 100)\n",
      "are these indices okay?\n",
      "(16, 99)\n",
      "(16, 16)\n",
      "  Elapsed time: 0.00 sec.\n",
      "Normalizing networks:\n",
      "  Elapsed time: 0.00 sec.\n",
      "Inferring LIONESS network:\n",
      "here?\n",
      "  Elapsed time: 0.00 sec.\n",
      "did we get here boo boo 2?\n",
      "Saving LIONESS network 20 to lioness_output using npy format:\n",
      "  Elapsed time: 0.12 sec.\n",
      "BOOOOOOOOM\n",
      "Running LIONESS for sample 21:\n",
      "Computing coexpression network:\n",
      "howdy one\n",
      "(16, 100)\n",
      "are these indices okay?\n",
      "(16, 99)\n",
      "(16, 16)\n",
      "  Elapsed time: 0.00 sec.\n",
      "Normalizing networks:\n",
      "  Elapsed time: 0.00 sec.\n",
      "Inferring LIONESS network:\n",
      "here?\n",
      "  Elapsed time: 0.00 sec.\n",
      "did we get here boo boo 2?\n",
      "Saving LIONESS network 21 to lioness_output using npy format:\n",
      "  Elapsed time: 0.11 sec.\n",
      "BOOOOOOOOM\n",
      "Running LIONESS for sample 22:\n",
      "Computing coexpression network:\n",
      "howdy one\n",
      "(16, 100)\n",
      "are these indices okay?\n",
      "(16, 99)\n",
      "(16, 16)\n",
      "  Elapsed time: 0.00 sec.\n",
      "Normalizing networks:\n",
      "  Elapsed time: 0.00 sec.\n",
      "Inferring LIONESS network:\n",
      "here?\n",
      "  Elapsed time: 0.00 sec.\n",
      "did we get here boo boo 2?\n",
      "Saving LIONESS network 22 to lioness_output using npy format:\n",
      "  Elapsed time: 0.11 sec.\n",
      "BOOOOOOOOM\n",
      "Running LIONESS for sample 23:\n",
      "Computing coexpression network:\n",
      "howdy one\n",
      "(16, 100)\n",
      "are these indices okay?\n",
      "(16, 99)\n",
      "(16, 16)\n",
      "  Elapsed time: 0.00 sec.\n",
      "Normalizing networks:\n",
      "  Elapsed time: 0.00 sec.\n",
      "Inferring LIONESS network:\n",
      "here?\n",
      "  Elapsed time: 0.00 sec.\n",
      "did we get here boo boo 2?\n",
      "Saving LIONESS network 23 to lioness_output using npy format:\n",
      "  Elapsed time: 0.12 sec.\n",
      "BOOOOOOOOM\n",
      "Running LIONESS for sample 24:\n",
      "Computing coexpression network:\n",
      "howdy one\n",
      "(16, 100)\n",
      "are these indices okay?\n",
      "(16, 99)\n",
      "(16, 16)\n",
      "  Elapsed time: 0.00 sec.\n",
      "Normalizing networks:\n",
      "  Elapsed time: 0.00 sec.\n",
      "Inferring LIONESS network:\n",
      "here?\n",
      "  Elapsed time: 0.00 sec.\n",
      "did we get here boo boo 2?\n",
      "Saving LIONESS network 24 to lioness_output using npy format:\n",
      "  Elapsed time: 0.12 sec.\n",
      "BOOOOOOOOM\n",
      "Running LIONESS for sample 25:\n",
      "Computing coexpression network:\n",
      "howdy one\n",
      "(16, 100)\n",
      "are these indices okay?\n",
      "(16, 99)\n",
      "(16, 16)\n",
      "  Elapsed time: 0.00 sec.\n",
      "Normalizing networks:\n",
      "  Elapsed time: 0.00 sec.\n",
      "Inferring LIONESS network:\n",
      "here?\n",
      "  Elapsed time: 0.00 sec.\n",
      "did we get here boo boo 2?\n",
      "Saving LIONESS network 25 to lioness_output using npy format:\n",
      "  Elapsed time: 0.11 sec.\n",
      "BOOOOOOOOM\n",
      "25\n",
      "(16, 16)\n",
      "finished?\n",
      "25\n",
      "(16, 16)\n",
      "hooowra\n",
      "did this actually save?\n",
      "let's see if we got this far\n",
      "Fitting Population Model...\n",
      "Epoch 1/10\n",
      "Tensor(\"IteratorGetNext:1\", shape=(1, 1, 16), dtype=float32)\n",
      "Tensor(\"lambda/MatMul:0\", shape=(1, 1, 16), dtype=float32)\n",
      "<class 'tensorflow.python.framework.ops.Tensor'>\n",
      "Tensor(\"lambda/strided_slice:0\", shape=(), dtype=int32)\n",
      "<class 'tensorflow.python.framework.ops.Tensor'>\n",
      "Tensor(\"IteratorGetNext:1\", shape=(1, 1, 16), dtype=float32)\n",
      "Tensor(\"lambda/MatMul:0\", shape=(1, 1, 16), dtype=float32)\n",
      "<class 'tensorflow.python.framework.ops.Tensor'>\n",
      "Tensor(\"lambda/strided_slice:0\", shape=(), dtype=int32)\n",
      "<class 'tensorflow.python.framework.ops.Tensor'>\n",
      "75/75 [==============================] - 0s 1ms/step - loss: 347.8862\n",
      "Epoch 2/10\n",
      "75/75 [==============================] - 0s 924us/step - loss: 250.8855\n",
      "Epoch 3/10\n",
      "75/75 [==============================] - 0s 912us/step - loss: 195.2302\n",
      "Epoch 4/10\n",
      "75/75 [==============================] - 0s 919us/step - loss: 160.1277\n",
      "Epoch 5/10\n",
      "75/75 [==============================] - 0s 934us/step - loss: 136.7603\n",
      "Epoch 6/10\n",
      "75/75 [==============================] - 0s 933us/step - loss: 120.5710\n",
      "Epoch 7/10\n",
      "75/75 [==============================] - 0s 934us/step - loss: 109.2260\n",
      "Epoch 8/10\n",
      "75/75 [==============================] - 0s 948us/step - loss: 100.9282\n",
      "Epoch 9/10\n",
      "75/75 [==============================] - 0s 919us/step - loss: 94.7126\n",
      "Epoch 10/10\n",
      "75/75 [==============================] - 0s 858us/step - loss: 90.0721\n",
      "Finished Fitting Population Model.\n"
     ]
    },
    {
     "name": "stderr",
     "output_type": "stream",
     "text": [
      "/home/stsou/miniconda2/envs/tarrLab/lib/python3.7/site-packages/sklearn/metrics/classification.py:1437: UndefinedMetricWarning: F-score is ill-defined and being set to 0.0 due to no predicted samples.\n",
      "  'precision', 'predicted', average, warn_for)\n"
     ]
    },
    {
     "name": "stdout",
     "output_type": "stream",
     "text": [
      "DDDDDIIIIIDDDD WE GET THROUGH THE F1 SCORES?\n",
      "100\t4\t8\t1.000\t2\t1\tEpoch 1/50\n",
      "75/75 [==============================] - 0s 1ms/step - loss: 209.4254\n",
      "Epoch 2/50\n",
      "75/75 [==============================] - 0s 1ms/step - loss: 147.2389\n",
      "Epoch 3/50\n",
      "75/75 [==============================] - 0s 1ms/step - loss: 123.9518\n",
      "Epoch 4/50\n",
      "75/75 [==============================] - 0s 1ms/step - loss: 112.2851\n",
      "Epoch 5/50\n",
      "75/75 [==============================] - 0s 1ms/step - loss: 105.2448\n",
      "Epoch 6/50\n",
      "75/75 [==============================] - 0s 991us/step - loss: 100.5700\n",
      "Epoch 7/50\n",
      "75/75 [==============================] - 0s 998us/step - loss: 97.1314\n",
      "Epoch 8/50\n",
      "75/75 [==============================] - 0s 946us/step - loss: 94.3955\n",
      "Epoch 9/50\n",
      "75/75 [==============================] - 0s 938us/step - loss: 92.1140\n",
      "Epoch 10/50\n",
      "75/75 [==============================] - 0s 957us/step - loss: 90.1024\n",
      "Epoch 11/50\n",
      "75/75 [==============================] - 0s 955us/step - loss: 88.3592\n",
      "Epoch 12/50\n",
      "75/75 [==============================] - 0s 943us/step - loss: 86.7524\n",
      "Epoch 13/50\n",
      "75/75 [==============================] - 0s 944us/step - loss: 85.3034\n",
      "Epoch 14/50\n",
      "75/75 [==============================] - 0s 943us/step - loss: 83.9971\n",
      "Epoch 15/50\n",
      "75/75 [==============================] - 0s 957us/step - loss: 82.8124\n",
      "Epoch 16/50\n",
      "75/75 [==============================] - 0s 962us/step - loss: 81.7538\n",
      "Epoch 17/50\n",
      "75/75 [==============================] - 0s 970us/step - loss: 80.8100\n",
      "Epoch 18/50\n",
      "75/75 [==============================] - 0s 937us/step - loss: 79.9765\n",
      "Epoch 19/50\n",
      "75/75 [==============================] - 0s 930us/step - loss: 79.2521\n",
      "Epoch 20/50\n",
      "75/75 [==============================] - 0s 945us/step - loss: 78.6969\n",
      "Epoch 21/50\n",
      "75/75 [==============================] - 0s 943us/step - loss: 78.1549\n",
      "Epoch 22/50\n",
      "75/75 [==============================] - 0s 946us/step - loss: 77.7221\n",
      "Epoch 23/50\n",
      "75/75 [==============================] - 0s 968us/step - loss: 77.3506\n",
      "Epoch 24/50\n",
      "75/75 [==============================] - 0s 940us/step - loss: 76.9533\n",
      "Epoch 25/50\n",
      "75/75 [==============================] - 0s 959us/step - loss: 76.6369\n",
      "Epoch 26/50\n",
      "75/75 [==============================] - 0s 951us/step - loss: 76.3088\n",
      "Epoch 27/50\n",
      "75/75 [==============================] - 0s 949us/step - loss: 76.0527\n",
      "Epoch 28/50\n",
      "75/75 [==============================] - 0s 956us/step - loss: 75.8753\n",
      "Epoch 29/50\n",
      "75/75 [==============================] - 0s 931us/step - loss: 75.6510\n",
      "Epoch 30/50\n",
      "75/75 [==============================] - 0s 923us/step - loss: 75.4532\n",
      "Epoch 31/50\n",
      "75/75 [==============================] - 0s 928us/step - loss: 75.2569\n",
      "Epoch 32/50\n",
      "75/75 [==============================] - 0s 940us/step - loss: 75.1128\n",
      "Epoch 33/50\n",
      "75/75 [==============================] - 0s 944us/step - loss: 74.9127\n",
      "Epoch 34/50\n",
      "75/75 [==============================] - 0s 1ms/step - loss: 74.7306\n",
      "Epoch 35/50\n",
      "75/75 [==============================] - 0s 961us/step - loss: 74.6078\n",
      "Epoch 36/50\n",
      "75/75 [==============================] - 0s 1ms/step - loss: 74.4759\n",
      "Epoch 37/50\n",
      "75/75 [==============================] - 0s 952us/step - loss: 74.3425\n",
      "Epoch 38/50\n",
      "75/75 [==============================] - 0s 978us/step - loss: 74.2452\n",
      "Epoch 39/50\n",
      "75/75 [==============================] - 0s 944us/step - loss: 74.1324\n",
      "Epoch 40/50\n",
      "75/75 [==============================] - 0s 1ms/step - loss: 73.9650\n",
      "Epoch 41/50\n",
      "75/75 [==============================] - 0s 1ms/step - loss: 73.9119\n",
      "Epoch 42/50\n",
      "75/75 [==============================] - 0s 1ms/step - loss: 73.7918\n",
      "Epoch 43/50\n",
      "75/75 [==============================] - 0s 1ms/step - loss: 73.7016\n",
      "Epoch 44/50\n",
      "75/75 [==============================] - 0s 1ms/step - loss: 73.7188\n",
      "Epoch 45/50\n",
      "75/75 [==============================] - 0s 1ms/step - loss: 73.5185\n",
      "Epoch 46/50\n",
      "75/75 [==============================] - 0s 1ms/step - loss: 73.4982\n",
      "Epoch 47/50\n",
      "75/75 [==============================] - 0s 1ms/step - loss: 73.4097\n",
      "Epoch 48/50\n",
      "75/75 [==============================] - 0s 1ms/step - loss: 73.2530\n",
      "Epoch 49/50\n",
      "75/75 [==============================] - 0s 1ms/step - loss: 73.1488\n",
      "Epoch 50/50\n",
      "75/75 [==============================] - 0s 1ms/step - loss: 73.2241\n",
      "Epoch 1/50\n",
      "<class 'tensorflow.python.framework.ops.Tensor'>\n",
      "<class 'tensorflow.python.framework.ops.Tensor'>\n",
      "<class 'tensorflow.python.framework.ops.Tensor'>\n",
      "<class 'tensorflow.python.framework.ops.Tensor'>\n",
      "<class 'tensorflow.python.framework.ops.Tensor'>\n",
      "<class 'tensorflow.python.framework.ops.Tensor'>\n",
      "<class 'tensorflow.python.framework.ops.Tensor'>\n",
      "<class 'tensorflow.python.framework.ops.Tensor'>\n",
      "75/75 [==============================] - 0s 1ms/step - loss: 319.5675\n",
      "Epoch 2/50\n",
      "75/75 [==============================] - 0s 1ms/step - loss: 236.6224\n",
      "Epoch 3/50\n",
      "75/75 [==============================] - 0s 1ms/step - loss: 187.0568\n",
      "Epoch 4/50\n",
      "75/75 [==============================] - 0s 1ms/step - loss: 154.7172\n",
      "Epoch 5/50\n",
      "75/75 [==============================] - 0s 1ms/step - loss: 132.7424\n",
      "Epoch 6/50\n",
      "75/75 [==============================] - 0s 1ms/step - loss: 117.2985\n",
      "Epoch 7/50\n",
      "75/75 [==============================] - 0s 1ms/step - loss: 106.3939\n",
      "Epoch 8/50\n",
      "75/75 [==============================] - 0s 1ms/step - loss: 98.4703\n",
      "Epoch 9/50\n",
      "75/75 [==============================] - 0s 1ms/step - loss: 92.6818\n",
      "Epoch 10/50\n",
      "75/75 [==============================] - 0s 1ms/step - loss: 88.2865\n",
      "Epoch 11/50\n",
      "75/75 [==============================] - 0s 1ms/step - loss: 84.9584\n",
      "Epoch 12/50\n",
      "75/75 [==============================] - 0s 1ms/step - loss: 82.3040\n",
      "Epoch 13/50\n",
      "75/75 [==============================] - 0s 1ms/step - loss: 80.2077\n",
      "Epoch 14/50\n",
      "75/75 [==============================] - 0s 1ms/step - loss: 78.5218\n",
      "Epoch 15/50\n",
      "75/75 [==============================] - 0s 1ms/step - loss: 77.1161\n",
      "Epoch 16/50\n",
      "75/75 [==============================] - 0s 1ms/step - loss: 75.9416\n",
      "Epoch 17/50\n",
      "75/75 [==============================] - 0s 1ms/step - loss: 74.8843\n",
      "Epoch 18/50\n",
      "75/75 [==============================] - 0s 1ms/step - loss: 74.0759\n",
      "Epoch 19/50\n",
      "75/75 [==============================] - 0s 1ms/step - loss: 73.2344\n",
      "Epoch 20/50\n",
      "75/75 [==============================] - 0s 1ms/step - loss: 72.5801\n",
      "Epoch 21/50\n",
      "75/75 [==============================] - 0s 1ms/step - loss: 72.1779\n",
      "Epoch 22/50\n",
      "75/75 [==============================] - 0s 1ms/step - loss: 71.4618\n",
      "Epoch 23/50\n",
      "75/75 [==============================] - 0s 1ms/step - loss: 71.0612\n",
      "Epoch 24/50\n",
      "75/75 [==============================] - 0s 1ms/step - loss: 70.7111\n",
      "Epoch 25/50\n",
      "75/75 [==============================] - 0s 1ms/step - loss: 70.3161\n",
      "Epoch 26/50\n",
      "75/75 [==============================] - 0s 1ms/step - loss: 70.0693\n",
      "Epoch 27/50\n",
      "75/75 [==============================] - 0s 1ms/step - loss: 69.7490\n",
      "Epoch 28/50\n",
      "75/75 [==============================] - 0s 1ms/step - loss: 69.4385\n",
      "Epoch 29/50\n",
      "75/75 [==============================] - 0s 1ms/step - loss: 69.1905\n",
      "Epoch 30/50\n",
      "75/75 [==============================] - 0s 1ms/step - loss: 69.1136\n",
      "Epoch 31/50\n",
      "75/75 [==============================] - 0s 1ms/step - loss: 68.8768\n",
      "Epoch 32/50\n",
      "75/75 [==============================] - 0s 1ms/step - loss: 68.7535\n",
      "Epoch 33/50\n",
      "75/75 [==============================] - 0s 1ms/step - loss: 68.5761\n",
      "Epoch 34/50\n",
      "75/75 [==============================] - 0s 1ms/step - loss: 68.4093\n",
      "Epoch 35/50\n",
      "75/75 [==============================] - 0s 1ms/step - loss: 68.3231\n",
      "Epoch 36/50\n",
      "75/75 [==============================] - 0s 1ms/step - loss: 68.1564\n",
      "Epoch 37/50\n",
      "75/75 [==============================] - 0s 1ms/step - loss: 68.0541\n",
      "Epoch 38/50\n",
      "75/75 [==============================] - 0s 1ms/step - loss: 68.0306\n",
      "Epoch 39/50\n",
      "75/75 [==============================] - 0s 1ms/step - loss: 67.9574\n",
      "Epoch 40/50\n",
      "75/75 [==============================] - 0s 1ms/step - loss: 67.7871\n",
      "Epoch 41/50\n",
      "75/75 [==============================] - 0s 1ms/step - loss: 67.7575\n",
      "Epoch 42/50\n",
      "75/75 [==============================] - 0s 1ms/step - loss: 67.7172\n",
      "Epoch 43/50\n",
      "75/75 [==============================] - 0s 1ms/step - loss: 67.5629\n",
      "Epoch 44/50\n",
      "75/75 [==============================] - 0s 1ms/step - loss: 67.5631\n",
      "Epoch 45/50\n",
      "75/75 [==============================] - 0s 1ms/step - loss: 67.5726\n",
      "Epoch 46/50\n",
      "75/75 [==============================] - 0s 1ms/step - loss: 67.5089\n",
      "Epoch 47/50\n",
      "75/75 [==============================] - 0s 1ms/step - loss: 67.4254\n",
      "Epoch 48/50\n",
      "75/75 [==============================] - 0s 1ms/step - loss: 67.4286\n",
      "Epoch 49/50\n",
      "75/75 [==============================] - 0s 1ms/step - loss: 67.3772\n",
      "Epoch 50/50\n",
      "75/75 [==============================] - 0s 1ms/step - loss: 67.3031\n",
      "100\t4\t8\t1.000\t2\t2\tEpoch 1/50\n",
      "75/75 [==============================] - 0s 1ms/step - loss: 116.0913\n",
      "Epoch 2/50\n",
      "75/75 [==============================] - 0s 1ms/step - loss: 97.4388\n",
      "Epoch 3/50\n",
      "75/75 [==============================] - 0s 1ms/step - loss: 89.1231\n",
      "Epoch 4/50\n",
      "75/75 [==============================] - 0s 1ms/step - loss: 84.8223\n",
      "Epoch 5/50\n",
      "75/75 [==============================] - 0s 1ms/step - loss: 82.3205\n",
      "Epoch 6/50\n",
      "75/75 [==============================] - 0s 1ms/step - loss: 80.6873\n",
      "Epoch 7/50\n",
      "75/75 [==============================] - 0s 1ms/step - loss: 79.3966\n",
      "Epoch 8/50\n",
      "75/75 [==============================] - 0s 1ms/step - loss: 78.3145\n",
      "Epoch 9/50\n",
      "75/75 [==============================] - 0s 1ms/step - loss: 77.5540\n",
      "Epoch 10/50\n",
      "75/75 [==============================] - 0s 1ms/step - loss: 76.7713\n",
      "Epoch 11/50\n",
      "75/75 [==============================] - 0s 1ms/step - loss: 76.0722\n",
      "Epoch 12/50\n",
      "75/75 [==============================] - 0s 1ms/step - loss: 75.4847\n",
      "Epoch 13/50\n",
      "75/75 [==============================] - 0s 1ms/step - loss: 74.9958\n",
      "Epoch 14/50\n",
      "75/75 [==============================] - 0s 1ms/step - loss: 74.5066\n",
      "Epoch 15/50\n",
      "75/75 [==============================] - 0s 1ms/step - loss: 74.0726\n",
      "Epoch 16/50\n",
      "75/75 [==============================] - 0s 1ms/step - loss: 73.7199\n",
      "Epoch 17/50\n",
      "75/75 [==============================] - 0s 1ms/step - loss: 73.3886\n",
      "Epoch 18/50\n",
